-9.000000   0.895431   0.155292   0.225088   0.026121   0.000565   0.000010   0.000080   0.000000   0.000000 
 0.895431  -9.000000   0.344452   0.453834   0.083205   0.003116   0.000083   0.000549   0.000000   0.000000 
 0.155292   0.344452  -9.000000   0.979606   0.743453   0.153085   0.015992   0.054144   0.000000   0.000085 
 0.225088   0.453834   0.979606  -9.000000   0.622903   0.101200   0.008738   0.032485   0.000000   0.000035 
 0.026121   0.083205   0.743453   0.622903  -9.000000   0.505902   0.108868   0.258460   0.000022   0.001770 
 0.000565   0.003116   0.153085   0.101200   0.505902  -9.000000   0.643724   0.892213   0.002492   0.057139 
 0.000010   0.000083   0.015992   0.008738   0.108868   0.643724  -9.000000   0.899190   0.041366   0.347477 
 0.000080   0.000549   0.054144   0.032485   0.258460   0.892213   0.899190  -9.000000   0.011619   0.159835 
 0.000000   0.000000   0.000000   0.000000   0.000022   0.002492   0.041366   0.011619  -9.000000   0.564142 
 0.000000   0.000000   0.000085   0.000035   0.001770   0.057139   0.347477   0.159835   0.564142  -9.000000 
